0.5633461944950363, 54.68346253229974
0.4064069464170168, 59.56072351421189
1.2222235925579608, 62.726098191214476
0.47693752121970245, 64.43798449612403
0.4088430785039237, 66.82816537467701
0.41327033463726104, 65.76227390180878
0.8051955548703855, 68.21705426356588
0.3507841257911433, 67.86175710594316
0.22059209246261832, 68.44315245478036
0.6179945116857853, 69.12144702842377
0.5276635070363016, 70.5749354005168
0.5158119859164381, 71.80232558139535
0.5760583554605403, 71.41472868217055
0.5188773404369663, 72.25452196382429
0.4726842775737745, 71.64082687338501
0.38119373150873237, 71.9638242894057
0.6831043311055832, 72.83591731266151
0.7349152107279687, 71.73772609819122
0.4146072485959979, 72.09302325581395
0.4300136280881904, 72.77131782945736
0.5519893099346584, 73.44961240310077
0.15786065181470435, 73.41731266149871
0.9605977603598882, 72.7390180878553
0.419745546024336, 74.06330749354005
0.21651904331600821, 72.70671834625323
0.23825769583973944, 72.86821705426357
0.5824896598882527, 73.44961240310077
0.3759467541407388, 72.96511627906976
0.37590341800768057, 73.38501291989664
0.18062905643196378, 73.15891472868216
1.4525882142091928, 74.28940568475451
0.6306469167902212, 72.77131782945736
0.18148398551624342, 73.48191214470285
0.29540899626092504, 73.1266149870801
0.5625641959588107, 74.48320413436691
0.4406020395005064, 74.87080103359173
0.682090276463752, 74.77390180878552
0.616819514806752, 74.93540051679587
0.5815000768969104, 72.9328165374677
0.4282591409953114, 73.70801033591732
0.6384111838450613, 74.67700258397933
1.0862340109017483, 73.25581395348837
0.8334783732529424, 74.2248062015504
0.5696165845119497, 74.96770025839793
1.7230283300729345, 75.51679586563309
0.8018693804307894, 74.48320413436691
0.298913726600771, 73.48191214470285
0.6057979803994575, 74.70930232558139
0.32714940921027313, 74.28940568475451
0.7369561049096589, 75.0
