[[7.3501343e-01 2.2384873e-05 1.7866942e-01 6.0191792e-03 6.6031131e-04
  1.6740245e-03 1.6451651e-05 4.4191469e-02 4.3148837e-05 3.3690348e-02]
 [8.0139199e-03 1.7373355e-02 7.0904598e-02 2.4607221e-03 5.4365113e-02
  1.8738855e-02 2.1806259e-02 1.3415374e-01 7.9480261e-03 6.6423541e-01]
 [1.0000000e-01 1.0000000e-01 1.0000000e-01 1.0000000e-01 1.0000000e-01
  1.0000000e-01 1.0000000e-01 1.0000000e-01 1.0000000e-01 1.0000000e-01]
 [1.3320744e-01 9.2403248e-02 9.0072326e-02 8.9741714e-02 9.4202690e-02
  1.1832134e-01 9.8074578e-02 9.8615445e-02 9.5562294e-02 8.9798868e-02]]

[[8.47498417e-01 3.87021154e-02 5.61338430e-03 9.66319907e-03
  9.41327680e-03 3.00175697e-03 2.31786557e-02 6.27401620e-02
  5.54883518e-05 1.33597234e-04]
 [7.83366486e-02 6.13449141e-02 2.87956279e-02 6.86388373e-01
  1.72237318e-03 5.22045381e-02 7.11677643e-03 9.98552423e-03
  1.97360497e-02 5.43690212e-02]
 [1.00000001e-01 1.00000001e-01 1.00000001e-01 1.00000001e-01
  1.00000001e-01 1.00000001e-01 1.00000001e-01 1.00000001e-01
  1.00000001e-01 1.00000001e-01]
 [9.28639919e-02 8.84682387e-02 8.84690210e-02 8.84662122e-02
  8.84663239e-02 8.84667188e-02 1.65184170e-01 8.84662345e-02
  1.22682825e-01 8.84662420e-02]]
=================================
[[1.93045288e-03 2.13208878e-05 6.79108724e-02 2.00231090e-01
  7.29239779e-03 5.38969061e-06 6.46618288e-03 3.64150183e-04
  1.59599613e-02 6.99818194e-01]
 [5.68177958e-04 6.13803932e-05 2.68915948e-03 3.42419833e-01
  7.57501647e-02 3.54096070e-02 1.31065035e-02 5.15990751e-03
  3.96352708e-01 1.28482461e-01]
 [1.00000054e-01 1.00000054e-01 1.00000054e-01 1.00000054e-01
  1.00000054e-01 1.00000054e-01 9.99994352e-02 1.00000054e-01
  1.00000054e-01 1.00000054e-01]
 [9.49853584e-02 1.65052578e-01 9.06511322e-02 8.88280272e-02
  8.88758674e-02 9.85922068e-02 1.05162255e-01 8.90819803e-02
  8.98614302e-02 8.89091715e-02]]

[[4.1423878e-01 6.9540943e-04 4.9235532e-01 1.3082603e-03 3.5666183e-03
  4.4566751e-02 2.2857508e-02 2.3282804e-03 1.0079796e-02 8.0032852e-03]
 [2.0218710e-03 1.4068993e-02 3.6401143e-03 8.8208759e-01 1.0157831e-02
  8.3409818e-03 1.4512656e-02 4.0875119e-03 5.9240215e-02 1.8423229e-03]
 [1.0000000e-01 1.0000000e-01 1.0000000e-01 1.0000000e-01 1.0000000e-01
  1.0000000e-01 1.0000000e-01 1.0000000e-01 1.0000000e-01 1.0000000e-01]
 [2.2847819e-01 8.5555494e-02 8.5556149e-02 8.5555263e-02 8.5555233e-02
  8.5555397e-02 8.6736739e-02 8.5555211e-02 8.5558020e-02 8.5894294e-02]]
=================================
[[4.37597752e-01 5.09292695e-05 6.89921621e-03 1.02855891e-01
  1.04006642e-04 3.93196970e-01 1.34866650e-05 2.64236750e-03
  2.75483374e-02 2.90910639e-02]
 [9.20202676e-03 1.15970278e-03 1.02167204e-03 3.97541182e-04
  8.87350440e-01 4.18298505e-03 6.82762684e-03 2.32316256e-02
  6.65552318e-02 7.11973189e-05]
 [1.00000001e-01 1.00000001e-01 1.00000001e-01 1.00000001e-01
  1.00000001e-01 1.00000001e-01 1.00000001e-01 1.00000001e-01
  1.00000001e-01 1.00000001e-01]
 [1.03309438e-01 9.19388086e-02 1.10918067e-01 9.38465595e-02
  1.12413593e-01 9.21046808e-02 1.03486210e-01 9.02000442e-02
  1.10479906e-01 9.13026780e-02]]

[[2.98345417e-01 1.35404259e-01 5.38724475e-02 1.05969506e-04
  3.78372031e-03 5.51463887e-02 9.07207187e-03 2.43301526e-01
  1.95359722e-01 5.60838310e-03]
 [4.69759889e-02 6.76519051e-03 1.60113592e-02 1.79174945e-01
  3.51688832e-01 5.05355047e-03 3.73063423e-02 2.66111060e-03
  8.71811211e-02 2.67181575e-01]
 [1.00000001e-01 1.00000001e-01 1.00000001e-01 1.00000001e-01
  1.00000001e-01 1.00000001e-01 1.00000001e-01 1.00000001e-01
  1.00000001e-01 1.00000001e-01]
 [8.95012468e-02 8.94999728e-02 1.35224327e-01 9.09102187e-02
  1.20189369e-01 8.95259678e-02 8.95398334e-02 9.50925797e-02
  8.94998461e-02 1.11016646e-01]]
=================================
[[2.03046994e-03 5.40160749e-04 2.49773771e-01 4.44995658e-03
  1.93182752e-03 7.26060010e-03 5.45164309e-02 5.59198678e-01
  1.18721254e-01 1.57680572e-03]
 [2.08110705e-01 1.90256666e-02 1.83716848e-01 5.80240525e-02
  4.72394656e-03 2.74535790e-02 5.32289315e-03 1.55384660e-01
  1.17867617e-02 3.26450855e-01]
 [1.00000001e-01 1.00000001e-01 1.00000001e-01 1.00000001e-01
  1.00000001e-01 1.00000001e-01 1.00000001e-01 1.00000001e-01
  1.00000001e-01 1.00000001e-01]
 [9.12872180e-02 1.04880899e-01 8.96051750e-02 1.19846702e-01
  8.97333920e-02 8.99936855e-02 8.97664651e-02 1.45405307e-01
  8.93025398e-02 9.01785642e-02]]

[[7.18361372e-03 2.63139755e-01 4.83509116e-02 5.07334247e-03
  2.51910705e-02 6.21260285e-01 2.13046633e-02 1.49769767e-03
  4.67044265e-05 6.95183827e-03]
 [7.25175142e-02 1.90819837e-02 1.79470330e-01 3.62144969e-02
  8.93851090e-03 1.26958461e-02 2.11450784e-03 1.04892976e-03
  6.67227626e-01 6.90277317e-04]
 [1.00000001e-01 1.00000001e-01 1.00000001e-01 1.00000001e-01
  1.00000001e-01 1.00000001e-01 1.00000001e-01 1.00000001e-01
  1.00000001e-01 1.00000001e-01]
 [1.11262105e-01 8.87479335e-02 8.87546241e-02 8.87476876e-02
  8.87474865e-02 8.87638330e-02 8.98846760e-02 1.62808195e-01
  8.87475014e-02 1.03535995e-01]]
=================================
[[1.7206024e-04 2.0286065e-02 5.4239340e-02 3.0067983e-01 1.0460185e-02
  4.2921513e-01 5.8956713e-05 1.1694407e-02 7.8377843e-02 9.4816260e-02]
 [2.3261901e-02 3.3835247e-03 3.9600037e-02 2.3348515e-01 2.0218292e-01
  1.0866521e-02 3.1371852e-03 4.7989804e-01 1.7824653e-03 2.4021380e-03]
 [1.0000000e-01 1.0000000e-01 1.0000000e-01 1.0000000e-01 1.0000000e-01
  1.0000000e-01 1.0000000e-01 1.0000000e-01 1.0000000e-01 1.0000000e-01]
 [8.7954655e-02 8.9927427e-02 9.0243757e-02 8.7872766e-02 8.8241071e-02
  9.3211129e-02 1.8676195e-01 9.8457411e-02 8.9406721e-02 8.7923162e-02]]

[[0.11524612 0.00179481 0.11227515 0.00248168 0.06412764 0.55872506
  0.05429405 0.03171553 0.01384724 0.04549279]
 [0.32357618 0.07963974 0.02909883 0.013406   0.01136191 0.33163354
  0.06783465 0.0010228  0.00459582 0.13783059]
 [0.1        0.1        0.1        0.1        0.1        0.1
  0.1        0.1        0.1        0.1       ]
 [0.08948411 0.09412734 0.08964798 0.08950751 0.0895054  0.14286919
  0.089506   0.10003544 0.10197445 0.11334264]]
=================================
[[3.5038168e-04 1.7491231e-03 7.7085300e-05 7.5978376e-02 3.5885858e-04
  7.6714583e-02 5.3313884e-06 4.3616835e-02 8.0114919e-01 2.7461004e-07]
 [3.1153191e-02 2.0818100e-03 4.8261406e-03 7.2731125e-01 1.2515365e-01
  9.2601206e-04 2.7635333e-03 1.3433482e-02 3.4922324e-02 5.7428543e-02]
 [1.0000000e-01 1.0000000e-01 1.0000000e-01 1.0000000e-01 1.0000000e-01
  1.0000000e-01 1.0000000e-01 1.0000000e-01 1.0000000e-01 1.0000000e-01]
 [8.9474864e-02 9.4828010e-02 8.9178450e-02 9.1838755e-02 8.9118525e-02
  1.0706142e-01 8.9142367e-02 1.0206530e-01 8.9830883e-02 1.5746140e-01]]

[[0.00098186 0.00082763 0.78343517 0.00134307 0.01945238 0.02012617
  0.0186881  0.00167561 0.15164542 0.00182454]
 [0.0042653  0.38670224 0.03677737 0.10284793 0.05741208 0.24790537
  0.00185421 0.02917087 0.01892021 0.1141444 ]
 [0.1        0.1        0.1        0.1        0.1        0.1
  0.1        0.09999999 0.1        0.1       ]
 [0.0887719  0.08876436 0.1012319  0.0887581  0.08993131 0.08878464
  0.09873454 0.08892991 0.099834   0.16625938]]
=================================
